1297 1896 2494 1307 1907 2508 1389 1988 2589 1303 1902 2500 699 709 789 705 3093 3692 4291 3107 3704 4305 3187 3788 4387 3099 3698 4298 1287 2490 
3688 1307 1907 2505 3106 3705 4304 93 707 2556 3753 4955 1938 2538 3137 3737 4337 4935 1357 1338 2559 3755 4951 1941 2539 3140 3738 4337 4937 1362 
1342 1290 1890 2489 1302 1903 2502 1387 1986 2586 1296 1896 2495 691 705 787 698 3090 3689 4291 3103 3702 4303 3186 3786 4387 3097 3695 4297 1288 
2487 3687 1305 1904 2503 3105 3704 4305 88 704 2550 3747 4947 1935 2536 3135 3735 4335 4935 1355 1335 2549 3745 4943 1936 2535 3134 3733 4333 4932 
1351 1337 1290 1893 2492 1300 1902 2501 1386 1986 2587 1296 1899 2498 691 703 787 697 3095 3696 4299 3102 3702 4303 3186 3787 4387 3102 3702 4305 
1286 2486 3687 1303 1904 2503 3105 3703 4304 87 705 2547 3748 4950 1935 2536 3135 3735 4336 4937 1347 1335 2543 3744 4946 1933 2533 3133 3732 4334 
4935 1343 1332 1299 1902 2502 1303 1904 2504 1387 1988 2588 1305 1908 2508 699 703 787 705 3104 3704 4306 3108 3705 4307 3189 3788 4389 3111 3710 
4312 1286 2489 3690 1305 1904 2505 3105 3706 4306 87 704 2550 3751 4954 1936 2537 3137 3738 4338 4938 1350 1337 2549 3754 4957 1935 2536 3137 3739 
4339 4939 1346 1335 1305 1908 2507 1306 1908 2510 1390 1989 2591 1311 1915 2513 706 707 789 712 3108 3707 4306 3110 3709 4311 3190 3791 4391 3114 
3713 4313 1293 2494 3697 1307 1908 2508 3108 3709 4308 90 706 2556 3757 4960 1938 2539 3139 3740 4340 4941 1354 1338 2560 3763 4966 1940 2542 3143 
3743 4343 4943 1357 1339 1304 1904 2503 1310 1911 2510 1391 1989 2590 1310 1910 2509 706 711 791 713 3103 3700 4299 3110 3710 4309 3190 3789 4389 
3109 3707 4305 1296 2496 3693 1309 1908 2508 3108 3710 4307 97 708 2559 3760 4957 1939 2538 3139 3739 4339 4938 1360 1341 2565 3763 4962 1943 2544 
3144 3742 4344 4942 1366 1343 1934 2532 3133 1932 2531 3131 1848 2449 3048 1928 2526 3127 1333 1333 1249 1327 3732 4333 4932 3729 4331 4929 3649 4246 
4847 3725 4327 4925 2554 3755 4958 1937 2537 3138 3737 4338 4937 1355 1339 1292 2492 3694 1308 1907 2507 3107 3707 4308 93 707 1289 2492 3693 1307 
1904 2507 3107 3707 4307 92 707 1934 2533 3133 1931 2529 3129 1847 2448 3048 1928 2527 3127 1332 1329 1247 1325 3734 4335 4936 3730 4328 4929 3648 
4249 4848 3727 4328 4929 2553 3754 4951 1938 2538 3138 3737 4337 4939 1358 1337 1293 2491 3687 1307 1907 2506 3107 3705 4306 94 708 1292 2493 3692 
1307 1907 2508 3107 3707 4308 93 707 1938 2538 3139 1930 2529 3130 1849 2449 3048 1931 2532 3132 1336 1329 1248 1329 3740 4338 4940 3729 4329 4931 
3648 4247 4848 3733 4332 4934 2552 3752 4951 1938 2538 3137 3737 4338 4937 1351 1339 1287 2489 3689 1305 1907 2506 3107 3707 4307 87 706 1294 2493 
3692 1307 1909 2508 3109 3709 4309 92 708 1940 2542 3143 1932 2533 3133 1848 2449 3048 1934 2536 3136 1340 1331 1248 1334 3742 4343 4942 3733 4333 
4933 3648 4249 4849 3736 4336 4936 2553 3757 4955 1937 2538 3139 3738 4337 4939 1351 1337 1290 2489 3692 1307 1907 2507 3107 3707 4308 89 707 1293 
2493 3692 1308 1908 2507 3109 3707 4307 92 709 1942 2541 3143 1935 2536 3136 1850 2450 3049 1936 2535 3136 1342 1333 1249 1336 3740 4340 4939 3734 
4336 4932 3650 4253 4851 3734 4334 4933 2559 3758 4958 1939 2539 3139 3739 4339 4939 1355 1339 1294 2494 3692 1308 1908 2508 3108 3707 4307 92 708 
1292 2492 3690 1308 1909 2507 3108 3708 4306 92 707 1940 2536 3137 1936 2533 3134 1850 2449 3050 1934 2530 3131 1339 1332 1251 1333 3734 4336 4933 
3733 4333 4933 3649 4249 4849 3728 4330 4927 2558 3758 4955 1940 2539 3139 3740 4339 4939 1358 1339 1292 2495 3693 1306 1907 2507 3106 3708 4307 92 
707 1292 2491 3692 1307 1906 2507 3107 3707 4307 90 706 